0.664652 -0.0507273 0.440593 -2.24605 1.97919 -0.198256
0.599285 0.288534 0.379655 1.63401 -2.43574 0.804007
0.697783 -0.319873 0.410356 -1.14159 2.34157 0.962211
0.781022 -0.00176657 0.475023 1.31022 -2.78153 0.0518869
0.453544 0.0285504 0.449998 -0.904337 2.47764 -0.617778
0.399505 -0.144304 0.506865 -2.84067 -0.741289 -0.616563
0.373294 0.243526 0.432557 0.16744 2.55903 -0.529006
0.425039 -0.0786593 0.644729 -2.26974 1.698 -0.334114
0.243019 0.0807229 0.43537 2.4696 0.874511 0.940066
0.521485 0.00327579 0.570081 -0.978652 2.60995 -0.1544
0.494173 0.339014 0.429448 1.86217 -2.10222 1.06204
0.721022 0.32893 0.363004 0.985774 -2.46908 1.07103
0.725746 -0.302659 0.343642 -0.98482 2.66009 0.918816
0.501245 -0.42507 0.391483 -1.25191 2.14247 0.660958
0.702416 -0.0124565 0.397437 2.8845 1.20524 -0.0968397
